#|num|weight|mean|covariance matrix|
|0|0.0102883323608|269.871831969 288.410597679 172.091283237|5761.4865745 2139.2442869 -497.528724738 2139.2442869 2183.0344013 772.623002846 -497.528724738 772.623002846 931.81258863|
|1|0.00936752682768|327.325775629 430.295482272 491.503893627|952.33572121 275.528511671 51.8911154602 275.528511671 12149.0192357 -7087.18812054 51.8911154602 -7087.18812054 4445.71817377|
|2|0.0212251874034|264.729340851 504.750081225 258.88362618|705.222980587 -284.182405427 172.103657976 -284.182405427 2297.50610997 -1290.87474464 172.103657976 -1290.87474464 831.291770798|
|3|0.0127524341313|315.572834122 496.777797487 314.286920997|1634.50645247 2817.81763478 -1615.67157425 2817.81763478 5552.71907887 -3096.00684046 -1615.67157425 -3096.00684046 1791.71304481|
|4|0.0119934371567|449.895729483 187.814552981 261.220962809|1880.16398626 -1079.98530498 -752.141863853 -1079.98530498 1375.10900423 322.827772445 -752.141863853 322.827772445 489.898934679|
|5|0.0364696055695|224.725803565 239.818536201 429.016178416|4488.91628008 -3240.37210414 -1394.83435896 -3240.37210414 6542.63451909 -722.477407917 -1394.83435896 -722.477407917 1271.26856216|
|6|0.00689503764829|520.338071001 259.73006989 216.209020521|1671.09573965 505.50201118 -907.519616192 505.50201118 1668.87665926 -580.737615041 -907.519616192 -580.737615041 745.434290728|
|7|0.0106685589375|470.863046824 380.078411423 580.763909627|651.30464948 515.481920532 -234.086676922 515.481920532 2741.60833221 -587.673283135 -234.086676922 -587.673283135 370.83033627|
|8|0.0524728855658|302.381738962 375.781125847 299.355736595|655.730316968 -1185.23546054 349.260863289 -1185.23546054 2952.20767342 -465.186791695 349.260863289 -465.186791695 486.802755285|
|9|0.00670358118294|146.055677136 430.669387229 165.860794931|1614.13980542 -488.7498848 -273.828883139 -488.7498848 1177.92777668 385.257556963 -273.828883139 385.257556963 1365.92249891|
|10|0.0113645564674|300.632265445 243.501725344 480.663853162|2520.18868094 -533.840185902 945.896961881 -533.840185902 3126.36334098 -2112.11565103 945.896961881 -2112.11565103 1654.77591685|
|11|0.0019296675515|326.130336656 305.341826048 271.302899232|3782.57597104 -4892.53154257 2705.99513254 -4892.53154257 6346.99213823 -3469.13317586 2705.99513254 -3469.13317586 2023.32524833|
|12|0.0158921823528|215.018217076 288.875015174 553.334658173|3785.77344241 -1859.14237089 358.895767648 -1859.14237089 2680.39353733 -893.612344997 358.895767648 -893.612344997 902.884763519|
|13|0.00436720224807|82.0119673018 299.778130847 386.405021988|196.346606147 176.955854631 84.6892383643 176.955854631 2248.62264038 -2559.21621772 84.6892383643 -2559.21621772 4541.11867097|
|14|0.0177249495553|510.886246507 452.414766937 319.162895119|1818.96580097 420.913867285 -123.250153108 420.913867285 4863.33287817 -230.228624332 -123.250153108 -230.228624332 998.521340042|
|15|0.0230963048311|286.458510178 230.667180523 99.5995937281|3775.68462889 -1434.65478635 -217.442825906 -1434.65478635 4985.07011225 -1437.90874506 -217.442825906 -1437.90874506 1104.46905478|
|16|0.00549214811161|356.559382058 602.44745174 337.059692729|3165.55831284 -629.26939682 5334.9767328 -629.26939682 239.354562402 -1022.56444758 5334.9767328 -1022.56444758 9487.47158107|
|17|0.015539867997|176.862149965 210.420079697 302.174684064|1276.89391819 -1187.83767571 536.503477434 -1187.83767571 4756.69777325 561.895461211 536.503477434 561.895461211 1185.39032937|
|18|0.0219453075024|486.621825771 341.955700282 141.435537459|1785.67957731 1405.21165413 -100.255511753 1405.21165413 5956.88219707 1466.95816 -100.255511753 1466.95816 864.225027308|
|19|0.00421850587393|492.393276813 495.300743074 461.605151676|7873.13765256 -4835.96393955 -322.066485651 -4835.96393955 3154.57896597 194.329210751 -322.066485651 194.329210751 381.146180249|
|20|0.0501380832526|230.033630676 449.876631499 315.90033735|383.933872754 -35.3913601855 142.523363241 -35.3913601855 197.479181049 -60.3358574142 142.523363241 -60.3358574142 293.864684767|
|21|0.00246845396507|270.897552085 505.534460354 170.822319542|246.108400428 -461.225688621 461.97696672 -461.225688621 1067.3085705 -1076.74405615 461.97696672 -1076.74405615 1196.15790167|
|22|0.0260296383328|479.056704681 226.279662794 521.255450919|3617.26932769 1777.12193559 -1237.75595538 1777.12193559 3955.90064632 258.434806896 -1237.75595538 258.434806896 1523.05797206|
|23|0.0119073013969|254.637546037 329.019081658 131.600428248|2768.99605043 112.812537455 945.920878999 112.812537455 3862.95994949 -1860.24478833 945.920878999 -1860.24478833 2071.3755563|
|24|0.0450776933379|310.237953651 464.084356926 314.696769003|191.027630113 354.413730045 48.6322391316 354.413730045 1494.66329967 -65.9318513738 48.6322391316 -65.9318513738 302.624063046|
|25|0.00580064920714|533.392969584 348.770610826 280.731428964|816.19843264 962.746328059 -919.499932982 962.746328059 2945.13326325 -2218.22947812 -919.499932982 -2218.22947812 1883.20793525|
|26|0.0104763147427|369.064257498 531.493426662 299.33385796|3547.49782325 1311.65643604 -2896.93830507 1311.65643604 821.40010992 -1061.46811594 -2896.93830507 -1061.46811594 2452.9946118|
|27|0.0151572760814|583.848896088 314.913724727 353.722956017|1371.90959201 965.124843682 -796.404999651 965.124843682 8275.99734384 860.669565944 -796.404999651 860.669565944 3140.48895057|
|28|0.0477615987069|368.016753597 267.523359269 320.344007353|406.37273568 -654.706064467 53.1457514842 -654.706064467 1531.09406581 -150.794002902 53.1457514842 -150.794002902 219.302970183|
|29|0.00271004208585|172.520247398 285.383306034 404.585886721|3623.00332847 1291.28123881 3799.73662653 1291.28123881 744.943128208 1186.64060265 3799.73662653 1186.64060265 4220.16407222|
|30|0.0108507371494|360.907813143 425.748590678 93.9137199045|3211.59992777 -817.5931782 199.911405744 -817.5931782 4666.56818792 1332.27515858 199.911405744 1332.27515858 1131.97375828|
|31|0.0081351272483|476.519382847 135.286177046 189.949779736|2507.23606347 2147.89422901 -41.5946679322 2147.89422901 2816.31861231 -833.473987202 -41.5946679323 -833.473987202 1224.78971954|
|32|0.0127397958529|286.283492141 152.737787161 208.00229581|5160.77931003 -1983.34195554 1627.46946064 -1983.34195554 3138.38531592 -206.91922117 1627.46946064 -206.91922117 856.861069316|
|33|0.00458577311833|101.045501062 206.770148903 313.287857566|2905.30046191 -2663.65884563 -1330.22603852 -2663.65884563 2603.59279768 1431.37369713 -1330.22603852 1431.37369713 1021.10796678|
|34|0.0238759435348|378.645818877 333.873348735 567.749484878|1686.40617788 1618.08534626 -332.909559751 1618.08534626 3515.91946745 -1003.22571269 -332.909559751 -1003.22571269 1002.9304113|
|35|0.0211243382433|380.541180774 242.193796381 488.684624484|1185.27457509 706.411793199 -331.76348014 706.411793199 4122.31073811 -194.419616043 -331.76348014 -194.419616043 851.802007788|
|36|0.0473035004929|351.297603332 536.191418502 313.39046263|436.486327678 58.5559199279 -102.186120358 58.5559199279 183.206935323 -2.20269075132 -102.186120358 -2.20269075129 248.693818947|
|37|0.0153075738731|448.317113529 291.544921928 398.895050134|3173.4062359 -1563.60687068 1520.3447886 -1563.60687068 2363.10971433 -296.463141589 1520.3447886 -296.463141589 931.848967955|
|38|0.00872948797859|208.495661801 545.862774187 471.075987933|1711.30105837 413.635412502 602.80108419 413.635412502 2074.10185339 -2482.26832957 602.80108419 -2482.26832957 4384.30876116|
|39|0.0044248783947|110.195093233 268.475963226 460.781359972|1503.3777679 -156.235539627 2399.24606398 -156.235539627 5244.17406404 2458.90564966 2399.24606398 2458.90564966 6020.4029463|
|40|0.00726616254636|374.36095388 106.605229531 487.876172829|4739.2771996 1618.23034393 834.30492042 1618.23034393 1395.65068001 1795.13545938 834.30492042 1795.13545938 3298.14073486|
|41|0.003904009345|244.406233559 196.859759598 324.082739715|7333.18986495 -6556.68898903 2616.59654438 -6556.68898903 6141.17197124 -2268.39849919 2616.59654438 -2268.39849919 1147.28952566|
|42|0.0351726038356|401.151643227 436.168062468 202.671856527|5856.51873915 -1624.01846043 -2592.08094872 -1624.01846043 4160.4066615 -521.120476464 -2592.08094872 -521.120476464 1751.11050588|
|43|0.0280753367682|441.115959545 408.703846996 429.814361388|6220.11660899 -1406.1936289 3917.56784788 -1406.1936289 1059.11510888 -905.915779892 3917.56784788 -905.915779892 2557.08377813|
|44|0.045086774498|421.717841495 176.574186285 309.00754532|345.878947181 -0.68904106121 -88.2113381892 -0.68904106121 288.068822785 209.417344274 -88.2113381892 209.417344274 372.160014846|
|45|0.0488250926331|287.105261754 425.413193056 555.261762439|4976.71288984 1370.27164593 1006.0403158 1370.27164593 4870.95846033 -1509.52049468 1006.0403158 -1509.52049468 2102.08585257|
|46|0.00468072888442|266.277049072 425.097861017 159.17806243|789.532403693 118.364977444 943.470085513 118.364977444 1241.74399001 -1262.62025564 943.470085513 -1262.62025564 3068.73336923|
|47|0.0133019272444|445.203240134 492.81378851 402.745405768|2389.0525821 824.785780424 1053.26392456 824.785780424 2648.92097134 -316.721370367 1053.26392456 -316.721370367 876.695008326|
|48|0.00979459205714|276.18487321 159.801479969 528.827583263|1951.36939028 -186.591205118 -473.15622138 -186.591205118 653.220618915 -146.687921928 -473.15622138 -146.687921928 353.666655746|
|49|0.00315698476053|58.2681003312 294.92095418 269.079171014|349.463597846 -286.205254586 165.9229861 -286.205254586 5394.52122444 1874.54002164 165.9229861 1874.54002164 1101.43552916|
|50|0.0258959131706|326.175475005 349.376913993 295.738186488|893.248104907 -1079.98081908 -505.776358046 -1079.98081908 2036.45840591 483.234932796 -505.776358046 483.234932796 436.450605198|
|51|0.0254207992844|358.012099471 505.782092077 286.067182029|4143.97059141 -2936.94824966 -4122.78886017 -2936.94824966 4046.77806882 4123.3750527 -4122.78886017 4123.3750527 4971.52797907|
|52|0.00451962423607|191.596371495 507.415420509 219.851266584|630.561506576 -242.043826991 -107.629257213 -242.043826991 1480.67713366 84.2584484378 -107.629257213 84.2584484378 297.815050075|
|53|0.0102778886712|109.35849557 442.296364002 393.336372729|3172.00215383 2807.67595144 619.625822294 2807.67595144 4340.16657061 390.888481778 619.625822294 390.888481778 979.235282022|
|54|0.017516311799|206.431097753 382.068623483 245.455358059|2026.72875708 670.863204174 941.927586488 670.863204174 1714.76204956 1233.63766784 941.927586488 1233.63766784 1147.49483259|
|55|0.0112753063346|146.7885938 256.822841243 154.476198143|1561.16251807 -1825.86552932 -306.523050893 -1825.86552932 3406.38884023 665.58099173 -306.523050893 665.58099173 344.723913197|
|56|0.00561788200997|594.812333656 392.328092984 270.185491234|237.755535873 -811.948087613 309.953442638 -811.948087613 5521.19285724 -831.86626435 309.953442638 -831.86626435 678.430240835|
|57|0.0112187273235|181.608426316 132.619119121 376.409478526|2639.25210508 -1163.72018103 216.849646954 -1163.72018103 2306.0813456 390.740200662 216.849646954 390.740200662 2294.46727167|
|58|0.00552249178285|342.955975303 488.14105555 246.002411627|1007.62769734 1526.12748018 -428.583072625 1526.12748018 5667.48817293 771.909948789 -428.583072625 771.909948789 848.176201803|
|59|0.00845935654492|389.708429498 230.39322217 165.601569416|1550.26171057 -1739.61651335 260.304184761 -1739.61651335 5990.39246286 -3681.46460472 260.304184761 -3681.46460472 4275.63077814|
